nodes: 17
x(ft) y(ft)
0 0
3 0
27 0 
30 0
3 4
6 4
9 4
12 4
15 4
18 4
21 4
24 4
27 4
6 8
12 8
18 8
24 8

elements: 29
node1 node2 Area(in^2) YM(psi)
1 5 16 3.E+07
2 5 4 3.E+07
2 6 16 3.E+07
3 12 16 3.E+07
3 13 4 3.E+07
4 13 16 3.E+07
5 6 4 3.E+07
6 7 16 3.E+07
7 8 16 3.E+07
8 9 16 3.E+07
9 10 16 3.E+07
10 11 16 3.E+07
11 12 16 3.E+07
12 13 4 3.E+07
5 14 16 3.E+07
6 14 4 3.E+07
7 14 4 3.E+07
7 15 4 3.E+07
8 15 4 3.E+07
9 15 4 3.E+07
9 16 4 3.E+07
10 16 4 3.E+07
11 16 4 3.E+07
11 17 4 3.E+07
12 17 4 3.E+07
13 17 16 3.E+07
14 15 16 3.E+07
15 16 16 3.E+07
16 17 16 3.E+07

force_BCs: 2
node dof value(lbs)
8 2 -1000
10 2 -2000

displacement_BCs: 8
node dof value(in)
1 1 0
1 2 0
2 1 0
2 2 0
3 1 0
3 2 0
4 1 0
4 2 0